 -4  0
 -3.9  3
 -3.8  3
 -3.7  3
 -3.6  3
 -3.5  3
 -3.4  3
 -3.3  3
 -3.2  3
 -3.1  3
 -3  3
 -2.9  2.9
 -2.8  2.8
 -2.7  2.7
 -2.6  2.6
 -2.5  2.5
 -2.4  2.4
 -2.3  2.3
 -2.2  2.2
 -2.1  2.1
 -2  2
 -1.9  1.9
 -1.8  1.8
 -1.7  1.7
 -1.6  1.6
 -1.5  1.5
 -1.4  1.4
 -1.3  1.3
 -1.2  1.2
 -1.1  1.1
 -1  1
 -0.900002  0.900002
 -0.800002  0.800002
 -0.700002  0.700002
 -0.600002  0.600002
 -0.500002  0.500002
 -0.400002  0.400002
 -0.300002  0.300002
 -0.200002  0.200002
 -0.100002  0.100002
 -1.56611e-006  1.56611e-006
 0.0999984  0.0999984
 0.199998  0.199998
 0.299998  0.299998
 0.399998  0.399998
 0.499998  0.499998
 0.599998  0.599998
 0.699998  0.699998
 0.799998  0.799998
 0.899998  0.899998
 0.999999  0.999999
 1.1  1.1
 1.2  1.2
 1.3  1.3
 1.4  1.4
 1.5  1.5
 1.6  1.6
 1.7  1.7
 1.8  1.8
 1.9  1.9
 2  2
 2.1  2
 2.2  2
 2.3  2
 2.4  2
 2.5  2
 2.6  2
 2.7  2
 2.8  2
 2.9  2
 3  2
 3.1  2
 3.2  2
 3.3  2
 3.4  2
 3.5  2
 3.6  2
 3.7  2
 3.8  2
 3.9  2
 4  2
